3, 7, 9, 11, 15, 16, 17, 18, 19, 20, 21, 25
3, 7, 9, 11, 15, 16, 17, 18, 19, 20, 21, 25
3, 7, 9, 11, 15, 16, 17, 18, 19, 20, 21, 25
3, 7, 9, 11, 15, 16, 17, 18, 19, 20, 21, 25
3, 7, 9, 11, 15, 16, 17, 18, 19, 20, 21, 25
3, 7, 9, 11, 15, 16, 17, 18, 19, 20, 21, 25
3, 7, 9, 11, 15, 16, 17, 18, 19, 20, 21, 25
3, 7, 9, 11, 15, 16, 17, 18, 19, 20, 21, 25
3, 7, 9, 11, 15, 16, 17, 18, 19, 20, 21, 25
3, 7, 9, 11, 15, 16, 17, 18, 19, 20, 21, 25
3, 7, 9, 11, 15, 16, 17, 18, 19, 20, 21, 25
3, 7, 9, 11, 15, 16, 17, 18, 19, 20, 21, 25
3, 7, 9, 11, 15, 16, 17, 18, 19, 20, 21, 25
3, 7, 9, 11, 15, 16, 17, 18, 19, 20, 21, 25
3, 7, 9, 11, 15, 16, 17, 18, 19, 20, 21, 25
3, 7, 9, 11, 15, 16, 17, 18, 19, 20, 21, 25
3, 7, 9, 11, 15, 16, 17, 18, 19, 20, 21, 25
3, 7, 9, 11, 15, 16, 17, 18, 19, 20, 21, 25